P2
20 10
60
11 33 11 11 10 15 10 10 12 12 14 12 11 11 11 11 01 10 10 10
11 33 11 11 10 10 10 10 2  12 13 12 11 11 11 11 10 10 10 10
11 55 7  11 10 10 01 10 12 12 14 12 11 11 11 11 10 10 10 10
11 11 11 11 10 1  01 10 12 12 15 12 11 0  11 11 10 10 10 01
11 55 11 11 10 10 01 10 12 12 16 12 11 11 11 11 10 10 10 10
12 9  21 21 11 11 11 11 10 10 10 10 11 6  12 21 11 11 11 11
12 21 21 21 11 11 11 11 10 10 10 10 12 12 21 21 11 11 11 12
1  21 21 21 11 11 11 11 10 10 10 10 13 12 4  21 5  11 11 13
1  21 21 12 11 3  11 11 10 10 01 10 14 12 21 12 11 11 11 14
12 12 21 12 11 11 11 11 10 10 01 10 4  12 21 12 11 11 11 15